0.0023800875441313553 1.1180447961937963E-4 5.525501682322021E-4 0.07490858787979697 
0.4581343276118012 1.5287635630223597E-5 0.042997274505187595 0.02797041711313733 
3.7472401760583043E-5 0.7991509715408825 0.014981828986830443 0.02677745862994335 
0.2735168132587882 0.056709361390067714 0.01013879251786545 0.01820218560802968 
0.13635692139580266 9.196867536753853E-4 0.07895103396806898 0.01522472930578618 
0.07732890160821404 0.42374813407003115 8.419204233335713E-6 0.008855646615864046 
0.06211191754749012 0.025152729038916365 0.17080954080076913 0.004857723192465266 
0.7661068376242097 4.48570231355928E-6 0.04458385182428104 0.0033137555256753533 
7.426871261959437E-9 1.117148534102486 0.35808912229695794 1.1575290800035746E-4 
8.083418799958965E-4 0.09283213238457425 0.3511768747032217 2.6590957118606218E-5 
0.02325081913615118 1.911306186792888 1.9656929979878956E-5 1.8662052828160623E-4 
0.008155344325236052 0.642544097070078 0.10022353242686821 3.084709695275546E-4 
0.15136165471780866 0.7826576604049568 0.01918815699307036 4.306269872918377E-4 
0.002021527611515493 0.37979813705850757 0.04145833616166124 4.4944555616388375E-4 
3.3935912781420724E-7 0.03984408742263911 0.09079581284438172 6.233235159793394E-4 
0.02204733491656713 0.21688813326425027 0.009526195412617967 0.029332770874022026 
4.0762752192817514E-4 0.07962438456720003 0.009574902801559438 0.06790891377411729 
0.008625276519994724 3.480396075936662E-6 0.14881857173948554 0.1550305230508133 
0.08905528337144035 3.2442057817069524E-5 0.061861044138747365 0.3215650396739102 
0.22445579420050785 6.683807743227153E-6 0.0956133788469842 0.4765996845530716 
-------
