-0.04878614090222094 -0.010573763739529063 -0.023506385690535286 -0.27369433293328704 
-0.6768562089630272 -0.003909940617224716 -0.20735784167758786 -0.16724358616442464 
0.006121470555396231 -0.8939524436684999 0.12240028180862347 -0.16363819428832424 
-0.5229883490660076 -0.23813727425597975 0.10069157123545869 -0.13491547579143648 
-0.3692653807166367 -0.030326337623844152 0.28098226628751677 -0.12338852987934568 
-0.2780807465615231 -0.6509593951008243 -0.002901586502818021 -0.09410444525028584 
-0.24922262647578794 -0.15859611924292588 0.41329110902700184 -0.06969736861937663 
-0.8752752924790062 0.0021179476654439033 -0.21114888544408905 -0.057565228442831295 
8.617929717721906E-5 1.0569524748551782 -0.5984054831775507 -0.010758852541063915 
-0.028431353819259056 0.3046836595299693 -0.592601784255854 -0.005156642039021733 
-0.1524821928493658 1.3824999771402848 -0.004433613648016588 0.013660912424929977 
0.09030694505538349 0.8015884836186695 0.3165810045262795 0.01756334163898074 
0.3890522519120133 0.8846794110891 -0.13852132324328395 0.020751553852466992 
0.04496140135177609 0.6162776460804883 0.20361320232652214 0.021200131041196037 
5.825453869135067E-4 0.19960983799061385 -0.30132343560430497 0.024966447804590453 
0.14848344997529903 0.46571250065276354 -0.09760223057193912 0.17126812568023866 
0.0201897875652067 -0.28217793068771346 -0.0978514322918139 0.26059338781733754 
0.0928723668267086 -0.001865581967091412 0.3857701021845596 0.39373915610568033 
0.2984213185605887 0.005695792992821063 0.24871880535807372 0.5670670504216501 
0.47376765845771684 0.0025853061217633692 0.30921413105966583 0.6903619952988951 
-------
