102
9
8
24
1
183
12
45
12
13
224
5
2
52
19
212
71
98
1
16
192
125
18
55
62
103
112
132
28
1
134
25
0
13
32
144
103
19
11
22
129
27
64
34
12
63
13
23
2
1
89
72
52
22
5
188
134
31
16
17
207
94
20
27
10
193
133
29
15
20
153
0
114
1
14
27
79
120
33
1
40
56
121
14
3
192
72
42
28
11
135
25
0
52
27
255
99
94
27
39
176
9
72
24
23
30
0
42
10
6
166
33
74
41
31
142
179
6
19
30
5
14
95
66
25
122
188
74
11
31
154
76
108
34
25
151
122
5
39
16
173
196
10
1
7
5
48
70
7
19
93
126
89
5
19
134
35
50
13
8
154
109
26
1
9
51
94
0
33
23
255
47
108
64
1
81
197
22
1
36
182
88
124
9
1
163
133
57
37
9
78
117
83
30
43
172
56
132
8
1
5
76
57
19
48
111
110
23
4
6
81
149
67
51
1
155
135
10
44
6
251
127
76
23
10
101
74
112
39
21
178
20
58
1
62
133
41
75
20
13
138
195
52
1
54
191
157
115
14
14
127
95
67
37
4
135
74
39
36
2
131
115
70
7
28
92
166
4
13
16
112
27
110
29
16
130
199
11
1
15
19
6
16
9
22
218
10
96
46
20
71
46
27
5
5
181
113
33
4
26
164
159
4
17
14
86
124
28
8
24
105
138
125
18
4
73
138
68
24
4
107
0
83
18
34
50
103
73
53
21
103
174
4
14
42
118
163
0
30
8
213
161
10
1
15
226
168
94
32
15
54
107
83
24
1
168
48
74
23
30
99
73
0
7
33
251
98
73
5
21
157
73
43
27
12
116
6
120
21
3
184
132
69
68
1
141
34
89
5
23
253
0
57
25
35
81
4
30
9
25
211
132
15
17
6
105
74
82
14
18
74
16
40
2
2
116
102
83
37
28
145
0
15
9
23
225
57
30
33
1
39
24
121
8
1
256
138
112
59
7
165
167
13
1
50
50
83
18
2
18
52
54
33
4
4
163
116
34
14
16
142
4
5
30
18
79
173
103
5
3
143
0
112
34
15
125
188
111
12
19
154
156
0
29
24
253
151
0
1
9
22
17
75
9
18
69
69
21
35
5
88
48
41
17
31
109
158
115
19
2
45
121
115
79
18
178
183
43
14
9
228
72
23
39
16
85
63
112
13
11
157
193
91
3
13
45
145
111
27
1
241
76
19
21
4
90
68
29
1
3
72
197
7
1
36
38
64
23
23
10
86
135
56
39
4
47
166
108
9
3
174
171
19
29
44
254
127
0
32
15
255
18
66
9
8
93
165
33
11
19
162
108
16
9
9
252
151
32
30
1
104
68
103
30
6
77
187
91
13
20
19
138
10
8
5
154
185
0
15
43
253
136
75
48
23
117
192
64
1
3
146
16
89
25
16
208
110
56
27
9
74
141
95
59
17
114
78
44
3
11
157
8
15
9
32
240
22
98
47
10
89
61
117
25
15
187
128
36
1
14
233
85
44
2
11
199
61
66
4
26
119
183
93
5
5
61
10
93
16
16
241
171
29
9
19
9
82
11
7
5
160
14
56
7
5
151
168
57
9
5
55
8
79
32
30
32
16
125
44
8
116
113
89
36
13
156
103
58
1
31
91
34
44
15
11
151
95
67
52
1
178
19
84
23
29
29
133
41
7
8
175
159
91
26
18
189
153
33
10
16
150
122
76
20
8
179
19
34
5
31
105
0
14
1
1
256
127
84
20
17
110
128
68
27
1
113
125
83
18
28
151
171
28
1
9
246
6
83
37
28
10
185
63
12
1
198
192
70
8
38
164
16
102
13
6
66
12
131
10
2
113
104
70
40
1
133
55
129
14
4
113
4
112
1
14
131
80
16
1
12
89
169
13
15
41
254
148
80
19
2
64
8
20
18
21
207
140
59
11
1
57
0
123
56
1
65
148
76
35
34
140
126
56
19
2
45
197
120
1
2
149
102
125
78
4
194
193
65
7
26
247
80
73
11
30
97
193
82
7
13
230
0
124
60
2
187
38
24
7
4
147
41
46
2
9
188
135
38
8
9
168
58
25
14
14
87
193
90
7
21
49
31
62
20
2
221
185
89
9
18
122
17
108
19
7
28
48
64
10
7
51
118
55
28
1
162
12
103
11
9
62
72
72
22
3
133
43
109
14
4
111
154
53
15
1
212
7
4
23
30
235
158
60
24
4
70
161
24
9
5
205
0
0
34
29
254
32
70
32
1
142
74
74
16
4
68
74
0
20
17
255
106
76
23
8
182
193
57
7
16
253
140
16
1
10
125
106
79
32
5
131
29
100
16
12
7
155
20
6
6
143
188
66
8
4
149
118
54
53
1
221
