0.31068974102011926 3.7463951271669385 
0.20405742996581128 4.900581175444308 
0.4504018019924613 2.2202397849570277 
0.7472521714529405 1.5862818549517623 
0.7645540009214339 1.3505721977062919 
0.9931772595617727 1.0068696100041978 
0.5042479454296968 2.163054206021739 
0.5823530558507373 1.8340806952282378 
0.18229404152902245 5.485642819767058 
0.5454564013986448 2.1527434308590716 
0.5544650449431819 2.004763546936855 
0.5608654564240947 1.887459939751148 
0.9866813777724055 1.1201076622498525 
-------
0.5378101428288251 2.2972010525586213 
0.5375959404632051 2.3029684994204818 
0.5697042435397199 2.072499710517303 
0.5935929095109376 1.9317391643927688 
0.774621373146764 1.6564134020783898 
0.4562865918768638 2.394778050619405 
-------
0.48461858988661966 2.453975983728959 
-------
