0.31068974102011926 0.16396653181853288 
0.20405742996581128 0.0 
0.4504018019924613 0.0 
0.7472521714529405 0.18535256064910297 
0.7645540009214339 0.03258537728959916 
0.9931772595617727 0.0 
0.5042479454296968 0.09071563923952591 
0.5823530558507373 0.06808249754300891 
0.18229404152902245 0.0 
0.5454564013986448 0.17422768493096158 
0.5544650449431819 0.1115713101527961 
0.5608654564240947 0.058611080590721745 
0.9866813777724055 0.10518937144211254 
-------
0.5378101428288251 0.23545802618307948 
0.5375959404632051 0.23806651630309023 
0.5697042435397199 0.18071187981654865 
0.5935929095109376 0.14666667100813102 
0.774621373146764 0.28309322401666537 
0.4562865918768638 0.09270511501864798 
-------
0.48461858988661966 0.18924238085035858 
-------
